704
942
742
86
558
646
191
277
779
644
967
725
372
903
132
592
955
212
710
709
309
800
986
174
979
894
11
329
513
993
1000
931
997
130
715
110
650
357
852
618
688
36
66
921
355
609
996
270
145
816
840
719
620
892
373
505
737
782
690
592
281
611
226
520
408
511
154
650
388
762
746
642
889
554
219
91
340
617
151
840
225
400
889
678
844
256
431
790
183
617
81
483
703
8
449
85
806
372
993
976
537
400
927
414
542
960
1
85
15
786
803
323
924
567
930
27
643
904
848
272
346
81
596
62
732
199
920
457
90
543
454
177
490
960
33
711
549
893
639
854
633
639
459
494
94
489
217
687
467
270
54
741
646
497
529
78
267
732
938
127
8
356
951
347
46
548
834
401
581
922
542
38
478
764
845
110
70
714
159
512
736
436
227
156
228
471
643
571
797
287
95
636
987
694
239
394
158
932
199
166
955
218
530
859
313
746
53
173
288
199
48
555
73
409
64
21
11
632
276
189
247
604
755
708
75
278
88
946
139
433
198
732
501
696
44
912
761
956
56
352
10
572
990
520
953
708
156
433
497
761
59
21
176
256
990
743
881
999
489
708
688
492
656
743
138
137
842
823
757
68
62
627
943
278
411
17
266
191
752
80
157
205
631
521
937
578
590
77
112
254
322
939
492
634
472
619
414
752
714
888
745
158
655
70
632
413
404
988
329
724
721
651
789
439
598
842
305
799
381
253
631
182
396
850
916
230
195
674
793
561
353
76
259
825
969
184
477
714
63
346
372
786
728
890
979
463
366
288
357
64
599
541
601
543
866
870
795
552
655
768
557
89
619
357
40
123
980
559
246
578
904
743
55
360
440
361
248
462
727
421
920
995
7
857
989
123
364
5
377
546
985
583
536
876
126
288
478
636
218
443
298
947
140
805
358
60
284
759
32
311
284
398
867
542
935
66
956
237
826
277
962
393
326
251
171
774
940
664
825
582
520
692
854
115
918
312
449
115
557
470
904
412
386
572
404
623
495
543
894
545
609
599
147
687
663
995
887
173
573
373
540
241
78
71
944
223
689
900
829
563
928
304
13
822
341
454
305
128
329
816
637
748
816
294
485
388
119
827
604
525
158
419
468
52
912
906
673
643
289
248
163
29
546
333
417
971
43
26
974
746
703
251