681
836
456
108
685
221
787
67
773
356
134
929
918
639
692
540
663
562
773
4
231
589
296
95
944
485
913
733
670
378
692
214
327
936
128
624
833
108
246
705
235
116
635
24
718
707
861
653
629
176
204
859
335
64
508
706
712
549
814
565
310
131
48
499
679
591
490
159
342
115
449
398
234
469
265
337
281
30
633
587
846
799
700
801
40
886
863
26
111
659
639
295
598
654
850
374
455
151
486
415
253
803
930
995
791
789
510
501
935
912
612
210
370
231
217
951
885
994
840
507
403
162
466
741
381
279
432
559
387
561
345
444
655
302
943
513
389
651
806
253
847
936
476
636
679
248
11
900
754
113
570
614
9
98
33
720
430
759
621
383
726
512
702
703
654
295
560
652
114
562
410
74
942
413
797
97
426
826
460
769
638
184
837
379
758
580
614
917
413
934
795
922
397
196
689
926
236
369
455
774
919
230
447
810
99
141
74
661
903
698
994
212
772
743
754
988
3
780
511
412
507
540
1000
412
610
502
205
103
400
916
12
987
444
326
714
534
955
885
211
388
945
25
312
692
160
299
383
530
444
710
252
876
482
79
723
370
102
173
491
699
611
42
771
921
726
443
898
996
983
556
944
711
124
444
127
124
476
16
479
846
309
164
117
820
962
710
728
251
483
212
258
772
621
963
886
409
944
286
912
38
958
978
140
714
985
295
393
714
641
950
32
443
356
233
414
264
146
934
203
916
176
431
179
926
506
986
274
53
877
70
839
842
116
150
234
807
236
76
459
241
165
737
331
546
654
717
440
826
323
668
933
634
467
161
757
198
630
858
907
697
397
871
211
148
848
63
846
421
921
982
626
968
416
94
775
951
277
89
419
653
689
148
443
933
419
949
49
78
571
815
644
461
817
147
931
824
392
582
803
153
331
627
805
325
192
264
258
771
376
755
186
994
488
644
334
338
601
480
494
119
434
559
977
266
729
14
159
46
940
913
461
945
817
737
77
543
30
184
621
486
855
849
800
529
353
501
205
211
819
454
448
879
630
592
677
599
67
450
926
128
224
385
390
938
64
653
864
346
56
583
490
247
812
655
415
312
893
382
214
971
505
524
521
135
918
856
661
500
946
218
547
675
130
822
306
690
705
254
624
727
528
831
985
817
155
798
821
404
938
948
200
140
753
890
978
304
685
82
662
469
610
492
58
345
745
11
108
984
915
580
396
458
261
560
494
814
792
645
232
655
450
655
400
941
400
65
772
412
490
726
306
577
31
75
779
44
516
296
109
473
759
303
660
358
89
979
570
83
612
248
939
528
191
66
27
366
389
139
687
122
719
199
391
745
232
631
237
337
388
506
196
16
143
572
537
215
617
385
811
597
482
254
204
575
139
919
926
546
693
503
671
180
760
832
480
316
96
165
63
946
93
888
386
827
176
812
244
388
115
876
522
358
395
397
273
336
882
55
320
546
354
80
898
365
354
720
773
316
260
102
433
640
980
678
325
564
446
722
701
959
195
138
469
895
813
448
464
785
401
640
39
866
516
473
470
252
985
163
361
854
478
931
571
287
339
42
847
280
771
615
361
242
68
345
459
127
513
988
300
603
568
761
77
494
692
486
814
806
294
108
220
390
176
407
470
963
128
331
76
167
883
50
772
965
868
698
918
482
568
691
393
103
607
76
406
255
945
959
592
480
483
234
108
152
172
910
292
952
40
665
442
825
242
735
303
576
723
761
979
201
850
768
651
39
350
340
960
965
693
408
70
861
893
655
541
122
542
746
315
531
773
817
623
132
627
951
221
472
341
71
20
679
584
855
314
554
27
612
155
390
883
838
191
6
877
517
209
556
86
729
929
387
501
926
93
565
371
920
38
611
779
55
590
222
266
348
975
403
958
451
486
825
110
763
798
994
840
101
698
148
8
918
288
288
386
432
473
456
493
279
36
739
598
163
79
832
875
469
913
196
76
325
816
970
736
837
976
697
564
212
299
786
771
883
200
153
563
305
65
857
184
14
789
778
725
427
385
254
272
676
61
297
352
131
134
975
342
351
228
748
156
768
511
624
483
604
866
444
36
876
302
253
371
212
266
356
454
154
465
862
299
183
414
585
933
817
411
232
128
324
264
714
427
243
51
323
995
371
757
11
261
585
535
193
583
985
42
463
867
478
710
375
530
737
711
62
668
13
852
242
58
366
427
630
812
674
816
274
301
323
479
894
147
341
548
274
319
55
925
2
453
326
545
18
857
488
93
784
483
14
57
548
723
534
134
671
555
673
570
46
909
485
822
190
452
496
896
831
817
634
78
682
106
16
620
242
771
122
527
722
399
230
509
756
661
842
107
234
994
371
534
190
754
830
158
916
109
585
800
113
389
192
794
658
580
89
114
880
151
998
681
32
299
119
958
206
53
976
267
675
563
32
593
793
466
985
475
316
638
976
14
129
350
608
890
328
787
121
608
808
317
159
667
996
330
85
894
420
547
838
190
790
220
562
236
453
760
832
988
84
830
508
164
807
609
753
266
258
363
528
649
500
886
635
903
892
230
137
747
111
946
559
962
284
775
103
105
49
806
666
55
961
593
703
120
508
84
283
600
455
805
906
51
451
502
305
402
780
151
844
462
986
739
246
637
172
241
663
944
694
460
550
303
933
9
980
356
72
966
183
653
360
254
464
746
542
65
712
222
70
905
955
973
787
277
627
235
200
858
826
13
991
812
361
20
918
18
466
663
895
843
234
244
698
578
908
106
27
110
485
67
521
36
448
402
507
666
89
401
445
228
838
572
640
119
52
844
500
566
591
525
901
392
945
41
893
501
913
935
544
356
282
199
776
253
107
264
251
435
529
230
35
454
677
293
114
973
844
839
320
129
435
846
294
377
514
561
239
601
511
787
342
960
180
727
166
903
764
506
70
714
452
614
974
701
139
420
97
246
399
235
961
797
741
985
321
901
43
948
114
306
804
738
106
197
258
502
641
149
887
866
297
521
366
546
591
357
298
302
136
130
893
577
90
996
731
353
64
462
651
790
288
653
405
117
4
132
590
513
545
825
927
119
615
493
257
538
906
133
561
956
640
556
375
346
407
124
19
775
193
294
844
821
1000
84
62
328
992
554
45
744
10
703
913
18
268
9
745
352
437
819
564
743
185
597
493
586
166
240
460
640
838
557
942
280
662
492
384
922
66
516
977
17
800
426
816
501
220
376
453
889
64
587
44
629
107
889
47
412
904
939
741
414
103
334
308
89
227
548
518
313
359
986
157
92
783
162
496
568
65
238
341
979
441
967
413
990
361
165
414
683
861
520
329
670
929
739
129
286
586
85
444
205
647
534
707
673
557
915
358
190
844
856
298
931
501
314
804
485
997
555
920
716
26
639
669
49
81
980
257
808
177
660
541
929
203
55
589
976
167
408
197
611
712
770
657
77
830
836
740
217
593
628
714
262
599
25
765
682
426
561
76
937
2
261
873
980
812
991
674
311
789
921
850
162
845
25
550
188
46
129
302
732
336
240
637
82
763
550
557
771
909
934
94
468
76
148
771
909
113
748
206
302
82
39
89
840
728
532
460
56
360
600
979
81
265
603
265
135
669
731
213
163
341
590
10
909
96
837
813
378
618
17
104
390
337
20
740
442
28
175
139
211
287
876
971
709
422
288
425
161
672
252
841
311
379
632
831
954
37
681
210
452
44
541
211
149
401
709
564
893
13
597
262
37
643
386
939
857
305
448
78
322
12
618
165
459
739
5
176
796
446
8
597
687
687
139
747
547
898
660
979
978
303
535
985
940
239
436
372
247
242
903
203
818
315
218
132
154
612
583
281
228
482
109
489
661
688
500
318
932
720
327
684
940
84
992
362
280
815
416
65
630
340
828
693
212
815
373
756
608
25
521
331
885
311
735
330
598
170
843
801
715
501
893
726
124
584
43
802
961
691
991
393
903
474
774
165
651
461
981
961
531
661
203
82
105
94
544
897
218
190
601
633
814
356
233
5
401
297
735
419
361
358
61
576
714
81
241
565
541
376
812
763
470
462
615
671
914
920
462
281
754
452
22
245
496
934
893
706
455
401
592
753
263
438
606
970
779
266
856
610
547
936
661
450
563
33
117
704
359
549
209
247
204
951
793
884
622
358
114
686
807
450
341
992
307
45
654
896
809
410
309
25
231
52
173
398
398
388
624
455
543
605
338
502
818
366
140
628
842
812
890
794
66
499
597
294
385
508
429
376
169
473
706
86
54
637
366
466
526
631
998
142
816
762
350
110
493
937
938
451
458
556
621
739
742
884
880
410
265
47
391
395
509
901
477
719
948
916
249
60
771
633
672
388
224
934
575
349
773
226
685
640
26
726
585
710
582
844
153
352
186
893
983
393
900
547
682
454
510
920
608
802
819
215
209
699
294
335
9
23
866
462
452
462
683
557
755
458
512
334
967
426
179
253
902
981
498
311
993
308
495
637
420
952
622
654
888
149
397
595
895
804
134
345
699
553
681
384
734
208
666
384
988
709
192
958
867
194
719
385
842
688
81
234
475
517
719
390
146
839
753
564
988
902
244
64
385
275
588
402
279
295
234
726
220
333
63
833
923
508
568
272
388
370
951
359
568
826
106
28
463
429
497
338
604
55
786
515
580
353
639
105
71
908
650
622
638
392
352
321
368
189
46
243
264
513
594
147
59
402
218
445
941
167
543
349
569
272
194
940
54
122
120
413
194
625
207
479
164
178
395
395
129
35
770
425
721
50
498
477
307
765
747
373
953
165
729
93
665
21
949
711
972
795
738
565
483
165
47
20
211
231
935
905
449
315
417
560
455
791
906
37
967
49
875
701
823
29
959
691
891
877
652
776
776
493
628
180
725
650
402
352
256
614
684
335
758
968
52
199
860
372
274
138
318
121
14
58
616
966
744
341
743
282
516
186
521
508
983
797
578
807
39
82
787
597
950
149
310
986
32
548
485
928
245
866
224
947
473
383
865
578
243
116
731
45
151
748
247
314
104
481
228
918
101
956
748
122
225
660
609
705
853
50
454
199
63
981
495
342
548
73
39
483
98
538
461
104
70
335
880
803
59
236
104
232
821
944
140
918
72
208
829
902
128
238
701
685
55
705
777
323
48
275
1
739
534
341
327
362
292
396
768
435
532
729
792
823
175
540
835
216
759
808
659
349
786
23
349
690
280
119
442
517
777
220
826
129
845
897
512
593
15
888
49
20
150
560
356
138
671
842
133
884
360
539
289
935
174
377
5
527
993
235
899
646
280
532
865
24
29
806
269
77
963
782
742
835
581
155
844
674
904
980
761
421
886
43
380
855
973
117
217
651
631
365
490
496
847
9
877
948
992
874
460
670
270
286
239
66
553
805
69
800
11
275
110
182
555
968
484
951
467
589
392
784
803
797
504
27
575
835
859
787
735
359
555
287
855
189
789
130
755
879
468
732
614
59
183
510
414
477
572
944
471
179
34
451
1000
293
468
593
246
786
975
528
784
954
572
814
215
591
297
998
295
918
749
520
30
964
983
413
435
858
806
280
591
512
241
242
971
205
321
666
925
33
507
323
345
686
182
572
551
481
880
520
131
521
928
137
209
581
366
791
684
655
797
225
208
32
323
81
802
655
85
177
927
25
805
105
249
255
633
284
17
556
140
177
169
217
436
178
477
948
722
308
428
345
124
136
415
107
801
651
105
578
136
787
807
741
943
443
812
23
452
640
978
690
835
132
553
254
593
539
65
566
382
570
563
801
587
891
844
32
776
249
425
4
840
635
838
704
513
212
959
927
278
953
362
218
171
811
305
431
686
575
11
534
462
737
68
878
349
977
691
674
114
443
287
792
424
753
624
613
714
536
536
78
792
473
179
78
428
302
973
885
792
357
126
431
698
753
709
816
114
404
715
77
600
774
622
614
509
69
605
717
240
129
847
429
328
713
991
772
207
768
254
131
378
604
433
753
742
170
749
859
332
175
984
266
719
863
230
855
113
561
863
487
156
495
934
459
528
379
693
749
923
867
720
262
67
599
448
748
225
572
897
730
484
837
848
648
200
911
245
450
938
709
799
937
453
757
19
251
364
146
809
532
211
984
856
467
879
772
569
934
460
477
988
8
689
529
445
269
196
41
827
687
315
913
885
513
375
889
910
563
805
541
793
935
291
773
728
820
629
720
118
428
948
724
849
83
648
377
194
846
859
457
284
342
567
195
33
782
827
102
792
7
301
372
773
680
849
998
943
728
682
407
94
15
515
953
979
781
59
678
417
651
939
864
307
556
909
75
888
801
949
25
662
491
110
539
154
121
765
906
381
945
854
622
114
310
703
485
269
575
116
77
951
543
885
547
60
567
903
860
699
398
135
205
349
147
287
437
85
904
695
706
870
442
827
826
15
86
94
48
876
922
378
553
806
779
773
133
38
259
806
920
401
226
776
858
467
166
320
676
514
271
293
696
235
933
579
248
441
587
122
377
754
613
594
866
390
899
202
727
278
519
105
348
660
852
482
763
448
353
827
45
75
244
308
395
865
574
201
191
799
555
386
479
956
182
332
736
671
589
606
253
602
130
505
228
780
969
748
525
704
649
765
180
428
874
962
462
688
599
648
776
65
777
855
96
230
25
383
101
931
150
952
623
251
534
202
55
374
262
772
64
530
3
986
775
617
86
641
922
542
717
436
697
426
836
266
965
29
460
223
737
989
238
103
182
345
112
262
206
913
190
722
570
642
980
450
606
945
881
125
368
614
925
733
652
338
915
37
987
829
167
487
925
837
670
757
62
339
762
104
520
938
268
23
361
402
655
571
67
272
359
424
870
507
477
286
412
149
799
555
262
218
596
878
471
724
954
57
163
496
357
38
226
802
751
221
783
916
814
304
369
781
638
394
411
340
239
977
224
390
317
89
10
69
837
231
405
233
483
40
957
400
524
395
828
755
185
182
107
400
863
262
665
536
247
592
441
855
610
830
859
732
318
437
786
639
134
629
715
140
576
238
678
725
964
462
129
100
677
662
563
893
292
833
193
132
404
206
190
400
749
82
529
647
533
978
460
828
410
353
659
836
80
254
548
614
198
911
783
303
620
736
142
928
787
441
550
563
450
810
50
634
656
275
742
80
271
389
948
342
911
174
509
373
158
69
727
424
517
502
165
177
772
629
604
837
962
866
918
176
477
505
46
15
189
161
39
643
162
723
976
74
722
55
566
201
542
850
696
123
588
589
990
597
37
305
915
783
591
165
908
536
987
453
747
333
505
542
591
86
216
71
577
646
756
223
943
565
365
17
370
662
243
390
843
378
464
488
724
861
895
289
150
7
388
274
212
278
15
71
344
355
157
726
75
635
520
892
414
766
705
884
198
919
653
760
902
784
967
950
567
320
474
901
928
776
799
494
951
635
755
618
599
617
436
820
736
961
18
426
310
997
36
372
3
455
511
512
278
522
848
129
348
745
184
68
19
934
101
995
191
3
359
403
281
321
828
915
942
234
978
844
579
940
789
800
486
793
660
258
511
255
842
408
605
46
977
110
253
964
368
22
77
704
331
690
425
873
727
598
241
665
116
289
771
430
695
641
906
149
666
335
631
644
762
403
512
362
647
640
523
70
178
413
88
790
434
2
728
335
207
911
441
484
790
951
663
813
946
429
552
140
440
5
160
768
239
995
56
235
177
138
666
574
769
471
901
3
687
856
768
389
893
435
234
510
642
548
366
1
635
59
950
578
448
262
270
951
553
958
964
308
322
80
381
419
517
477
98
840
257
883
225
141
69
761
147
473
492
545
569
282
287
849
351
981
488
649
972
615
104
573
446
284
563
526
483
444
289
718
730
330
811
244
283
302
952
527
512
268
169
83
537
775
652
460
563
210
638
655
381
426
890
206
789
764
286
475
418
876
606
620
688
703
495
907
370
360
790
891
881
671
739
673
542
951
416
850
729
974
122
160
378
436
293
142
740
46
914
759
191
43
509
872
983
959
462
751
226
443
82
140
740
360
721
725
544
266
440
746
344
541
109
805
768
848
761
621
527
784
839
778
999
902
673
811
774
834
83
855
907
616
618
145
508
730
642
732
939
37
139
475
876
688
184
553
904
971
802
606
316
711
65
495
903
698
831
300
123
32
412
964
785
887
193
668
712
441
499
583
371
78
3
210
697
325
157
309
446
415
780
44
890
752
257
642
17
544
337
851
433
862
186
400
788
462
59
248
920
921
430
316
209
928
522
294
114
490
83
452
634
803
55
474
720
395
14
574
163
55
71
915
959
772
704
115
74
545
527
986
900
509
713
434
780
64
85
536
334
407
895
24
58
441
8
354
835
10
133
358
477
512
160
457
719
188
473
355
407
5
322
168
90
174
848
800
463
301
41
196
757
944
359
399
463
750
781
82
818
214
598
580
903
289
570
672
204
150
321
994
383
606
86
323
855
384
170
265
702
199
880
359
809
634
429
806
946
700
12
961
627
952
140
775
309
33
569
938
696
638
731
787
644
741
559
25
630
815
445
895
805
400
754
489
108
946
630
311
73
634
139
71
125
623
198
756
719
818
605
379
747
786
305
403
42
815
91
605
264
252
854
764
560
974
47
778
756
9
396
979
281
268
664
70
806
719
329
106
699
35
55
858
378
829
813
121
733
885
147
7
652
599
530
963
105
324
386
624
195
246
949
21
659
811
942
10
444
716
411
473
554
973
435
19
930
340
368
197
46
290
956
902
49
9
505
97
558
464
166
292
149
745
195
180
567
124
573
189
778
117
770
749
573
886
302
360
120
903
621
85
675
788
519
893
455
521
328
788
30
408
654
376
235
67
161
396
609
876
523
944
409
497
106
750
79
310
61
180
993
273
853
352
774
395
285
156
155
166
989
762
551
475
11
506
586
375
362
637
536
527
929
251
341
876
460
406
389
787
679
672
170
77
497
210
837
977
246
550
40
502
248
885
603
107
384
983
284
588
363
132
414
755
577
131
300
373
101
735
160
399
27
637
107
508
517
105
642
629
309
56
693
504
833
604
513
812
500
149
113
704
954
452
229
740
920
669
630
861
268
531
332
286
663
755
182
749
975
224
36
746
857
617
761
906
428
349
415
937
466
331
10
952
80
153
379
479
250
541
906
572
71
678
953
639
790
300
496
158
49
864
918
272
801
811
623
405
147
349
542
274
444
756
428
141
901
588
85
863
205
55
492
723
279
295
987
223
319
287
82
237
270
571
788
833
308
523
281
727
761
936
996
838
493
577
588
208
610
177
68
770
243
135
683
121
750
80
36
534
576
669
596
878
109
746
360
221
458
23
77
389
228
424
805
843
901
841
920
975
203
847
741
320
866
229
311
23
599
62
943
218
478
67
88
511
795
803
153
525
313
79
723
386
503
59
477
470
524
631
930
464
508
812
908
494
319
41
807
523
696
204
658
793
885
485
722
19
816
717
125
4
120
354
39
811
950
258
313
91
636
213
231
405
721
371
297
361
509
933
448
249
347
833
450
570
408
432
530
864
964
132
681
491
261
248
161
411
857
725
958
265
692
846
322
767
17
871
849
874
620
967
510
634
103
266
438
983
146
295
469
881
951
4
638
569
81
118
891
727
190
786
243
796
733
260
19
313
544
406
323
985
982
491
262
131
1
534
970
78
226
173
582
760
841
244
198
760
566
557
425
205
308
557
10
108
402
300
315
641
797
938
555
293
32
224
852
200
702
364
16
65
646
17
347
111
92
138
417
732
409
506
614
349
767
237
271
245
597
317
312
399
737
171
958
440
223
105
943
4
90
940
305
842
597
603
391
929
855
897
339
649
612
151
831
326
434
327
969
208
256
918
92
667
329
453
724
76
182
370
642
597
781
364
396
139
409
576
331
213
856
954
698
816
658
722
46
532
887
146
125
666
942
903
638
30
534
333
31
839
736
884
154
840
577
680
395
717
637
356
601
171
40
412
500
878
728
298
745
152
158
768
958
908
663
725
135
281
941
480
112
875
16
721
425
456
633
827
330
824
632
449
315
704
760
684
289
902
182
882
759
714
138
971
214
989
454
141
453
331
445
197
797
785
445
14
804
721
668
966
443
765
558
576
432
13
529
213
61
999
251
450
248
388
172
184
51
325
403
489
680
530
866
843
556
439
700
280
269
862
259
356
560
909
672
367
625
338
682
792
918
415
780
200
990
618
296
796
121
77
265
237
926
542
505
229
265
31
198
323
512
361
251
846
349
997
604
66
809
830
751
179
675
418
171
544
785
683
224
220
109
869
630
615
533
839
777
339
529
341
758
342
551
105
650
801
776
177
964
460
175
517
841
652
72
611
386
439
912
820
563
343
618
692
109
525
733
317
575
372
170
771
88
365
114
412
567
99
836
629
583
900
287
343
213
876
145
825
553
616
419
34
350
864
730
910
380
54
223
277
820
314
647
988
494
331
646
168
144
446
392
651
458
613
729
469
542
51
880
740
456
938
214
356
647
923
354
888
503
490
619
611
49
751
360
726
498
366
997
553
371
480
431
341
882
916
490
341
361
451
856
369
340
261
889
272
558
870
109
459
251
289
213
382
980
548
604
477
955
748
573
210
880
476
107
331
170
555
138
733
877
217
262
460
162
457
8
384
569
126
484
70
498
638
885
770
216
542
15
847
603
325
675
684
979
266
699
667
421
861
335
143
469
186
681
983
423
106
190
256
155
637
99
210
671
415
683
550
772
403
65
515
169
824
531
796
186
664
809
525
215
881
768
806
830
332
867
498
105
494
940
782
320
607
933
363
589
876
204
664
494
841
629
857
531
295
670
167
876
513
346
304
203
178
795
61
577
422
847
60
155
962
478
542
208
589
351
45
170
464
676
770
508
85
123
56
506
459
340
757
610
686
610
907
979
648
578
418
418
149
710
261
232
253
994
594
713
346
252
856
3
276
351
151
735
972
248
597
918
778
224
247
455
693
409
921
139
923
319
276
534
949
317
920
880
805
919
625
987
948
914
212
859
461
507
144
307
174
879
79
735
547
922
692
640
259
148
826
918
115
898
686
618
818
660
708
549
457
428
582
673
878
595
552
691
320
105
496
180
229
459
220
843
39
570
33
898
683
739
631
882
381
652
208
891
700
434
148
17
652
377
992
42
253
719
734
733
655
150
863
93
441
402
482
779
343
723
50
719
929
933
95
789
808
502
530
894
670
589
448
881
923
527
351
579
173
195
20
467
806
697
527
100
399
277
246
208
227
965
468
30
993
325
319
916
582
804
793
701
223
448
679
245
826
721
69
703
78
150
183
993
53
496
443
860
357
502
365
206
366
356
638
917
21
560
842
826
655
679
671
738
977
579
149
391
314
489
306
440
123
603
284
171
975
702
829
960
788
40
327
464
564
717
942
943
803
523
183
695
53
967
837
279
596
944
779
380
148
517
689
638
726
920
81
718
371
479
910
489
534
876
433
972
880
236
208
462
51
585
38
179
634
81
796
836
255
585
119
139
348
92
801
995
636
579
26
415
164
372
356
64
261
965
902
662
120
905
319
401
955
749
265
571
348
437
615
988
477
933
846
764
451
468
566
654
78
975
141
742
214
709
677
460
637
278
141
266
609
845
679
464
882
495
433
832
716
105
466
720
639
52
909
853
333
735
87
454
116
519
798
118
43
142
257
339
787
734
856
594
779
260
194
370
181
679
628
560
647
156
699
282
840
677
584
759
892
778
709
280
132
716
247
109
571
210
175
304
435
832
852
490
500
647
947
721
944
633
865
575
236
954
918
975
165
677
859
931
587
443
725
68
695
659
265
274
709
643
705
979
414
191
230
743
95
240
608
371
586
729
273
126
481
766
50
256
205
48
673
716
96
213
882
190
715
2
841
244
747
697
104
429
842
446
366
946
472
358
414
634
876
369
141
577
372
624
413
327
566
605
149
181
123
834
41
930
891
743
684
483
585
719
227
308
455
532
477
321
712
867
473
112
24
634
140
980
882
100
511
49
914
257
912
536
920
548
929
55
214
993
211
875
464
689
91
967
376
884
99
536
261
455
731
568
664
543
776
314
40
53
61
208
611
118
224
4
230
640
216
9
734
894
461
820
849
484
942
442
375
761
295
245
765
842
896
824
868
862
903
907
918
878
440
832
815
264
810
833
634
503
779
630
775
262
666
593
722
562
854
229
561
180
774
115
537
905
341
746
929
722
362
612
213
795
907
143
478
959
893
484
636
610
355
13
61
121
626
970
816
366
996
493
403
732
241
34
724
750
183
811
447
628
143
297
239
275
249
768
847
492
364
807
463
981
966
509
230
740
22
279
274
256
601
154
651
537
657
874
720
646
563
749
826
193
666
195
330
44
788
791
796
785
92
856
432
67
863
439
131
615
88
53
466
595
979
240
36
696
950
26
414
622
692
572
370
194
230
934
573
106
334
574
557
831
116
988
523
22
844
807
404
570
26
25
267
903
342
717
560
365
59
583
57
944
191
599
20
420
359
749
820
657
292
696
80
280
848
826
3
376
466
313
606
346
137
759
873
186
640
527
250
575
448
964
43
832
596
829
760
3
138
354
60
595
476
519
48
709
809
588
878
50
603
627
288
786
121
609
427
535
752
600
19
614
697
381
907
212
564
746
884
401
961
923
780
407
530
61
635
786
942
246
448
803
590
515
650
788
442
973
454
990
227
274
715
163
538
214
470
556
177
354
410
677
815
867
811
200
720
514
815
855
411
897
245
969
120
284
205
765
507
344
798
367
506
560
991
828
671
928
33
16
70
896
339
865
724
616
525
771
907
369
129
352
287
618
26
257
69
796
309
834
179
477
195
747
569
755
754
555
242
407
381
282
566
122
75
275
149
7
68
353
337
967
437
61
167
970
196
650
528
273
30
454
393
184
62
838
331
384
737
753
79
696
599
4
95
525
900
431
730
747
658
448
383
716
499
965
18
414
59
584
902
995
313
654
153
702
225
901
21
310
891
831
230
648
628
896
9
508
937
710
139
386
787
99
1
472
269
581
302
630
861
180
966
970
344
93
743
553
401
406
242
381
656
780
493
404
850
696
90
237
717
23
830
876
542
303
504
229
75
981
306
756
887
260
232
86
486
582
972
485
31
551
837
906
574
439
419
308
389
295
890
471
41
972
113
891
37
244
664
215
768
405
80
396
825
679
524
122
307
6
934
475
83
442
653
627
705
837
588
749
588
311
801
609
41
351
301
407
823
528
24
850
263
402
764
307
602
275
720
116
480
34
996
124
585
248
493
822
995
430
499
148
644
575
51
934
704
490
336
120
452
787
1000
662
792
225
833
822
812
478
451
964
177
310
236
28
963
682
925
620
209
456
265
717
62
631
826
852
738
30
705
915
698
803
925
998
4
996
282
606
180
504
278
368
454
463
445
354
64
856
538
48
480
157
959
799
580
804
372
515
292
519
132
655
681
837
828
80
808
564
540
921
422
900
74
971
389
59
108
205
639
353
204
396
179
170
250
260
91
31
484
725
717
527
786
51
355
76
204
265
103
535
737
81
68
677
374
703
626
416
538
728
393
168
83
376
251
521
588
122
652
236
451
197
990
212
852
773
921
863
402
625
566
366
814
258
902
356
938
151
742
965
53
735
980
696
642
456
865
995
962
54
975
616
952
176
304
344
396
473
854
986
435
182
78
224
587
264
751
233
126
666
776
495
866
49
393
570
389
317
953
965
510
215
177
378
640
350
302
212
220
879
149
123
355
669
526
54
815
764
269
772
485
673
993
152
766
548
161
180
321
519
234
863
502
734
980
827
286
226
81
337
905
189
268
809
620
505
893
384
54
351
296
445
317
359
972
811
712
18
556
989
583
243
509
495
519
3
938
303
230
665
872
43
264
882
317
321
455
825
992
237
315
616
338
517
486
399
192
478
694
800
166
87
621
601
718
646
627
179
171
441
383
927
633
914
877
127
215
212
425
950
967
623
705
60
28
778
365
744
891
794
532
537
513
195
459
151
48
1
321
133
308
933
680
759
37
536
809
629
659
805
638
726
209
411
89
379
853
969
384
723
943
641
758
303
494
809
426
755
984
485
673
88
85
969
965
741
810
596
258
267
612
904
967
886
187
879
680
39
306
794
205
350
804
700
72
186
930
559
90
369
800
343
482
423
675
18
586
146
791
245
528
32
850
87
777
611
714
393
586
731
799
764
150
779
775
83
674
192
278
878
724
344
749
181
64
914
178
286
605
683
471
774
486
963
725
143
317
391
35
275
325
811
415
100
417
521
502
173
626
586
695
323
584
589
316
891
239
419
559
277
342
138
848
165
228
973
721
258
893
233
526
522
768
369
247
927
80
219
741
940
966
340
800
591
851
507
671
100
83
221
432
224
252
422
423
942
799
726
555
996
886
825
67
895
87
336
227
644
406
102
148
200
173
163
962
389
629
60
537
417
354
446
612
963
744
565
276
358
472
652
219
913
90
175
409
592
176
184
718
103
648
81
918
655
454
142
576
484
191
19
835
532
104
785
830
492
221
934
370
579
783
559
804
784
861
184
135
678
782
395
33
603
801
620
695
345
280
316
655
987
515
8
845
686
738
334
300
276
560
762
667
841
935
842
961
341
546
853
904
656
758
21
311
433
723
800
937
334
960
312
358
323
20
356
17
283
422
696
905
261
14
82
659
302
303
29
414
47
64
794
720
348
526
534
470
102
198
443
8
246
830
68
754
402
483
431
771
914
984
15
123
31
842
656
892
772
933
721
369
167
149
887
558
475
497
520
291
885
21
91
696
342
577
150
227
462
736
251
893
695
816
99
234
171
176
330
157
630
824
235
278
819
78
211
223
330
789
695
277
933
913
981
874
111
807
246
491
718
307
52
397
662
875
880
426
124
549
166
229
979
82
581
308
170
262
903
91
597
598
479
21
710
484
568
616
647
648
898
376
266
147
160
752
819
314
489
754
657
413
159
519
696
722
827
659
186
97
579
560
555
915
301
765
504
376
897
384
439
549
317
149
214
37
946
429
34
96
592
292
712
417
846
326
327
780
816
181
874
705
505
701
405
317
213
652
963
176
246
466
49
463
567
174
852
436
492
134
788
806
748
442
88
806
607
76
242
409
204
299
62
828
332
766
596
150
43
983
989
897
678
41
468
152
749
440
118
512
579
30
934
861
672
891
780
671
436
344
369
79
97
181
946
446
740
196
628
116
883
938
334
124
63
509
462
729
798
635
258
795
143
433
544
203
104
65
444
255
29
886
52
3
830
307
711
741
502
915
441
573
136
402
113
904
71
201
664
381
182
990
812
331
795
770
264
509
642
517
578
768
327
962
368
351
893
647
616
254
14
662
393
321
907
758
790
4
440
75
483
127
415
356
609
330
371
148
956
44
347
890
366
357
216
131
40
583
125
331
785
483
381
539
312
988
237
126
43
360
966
36
395
75
277
223
622
602
178
704
724
808
297
637
642
633
425
464
989
562
305
235
672
187
838
117
66
307
848
840
763
362
517
175
799
77
288
194
480
809
55
671
76
928
697
132
732
335
367
785
510
407
749
855
680
668
322
470
213
918
382
35
782
339
633
893
848
111
806
989
966
92
101
739
848
404
897
684
612
110
840
12
649
719
671
540
831
443
839
16
830
461
459
317
52
87
183
79
434
287
908
735
347
306
547
541
298
303
167
580
89
193
574
927
178
613
560
433
443
327
257
19
443
724
427
519
181
255
389
107
705
489
273
738
681
637
336
17
229
848
912
202
631
314
541
843
640
987
184
444
132
692
849
62
144
389
528
256
272
790
100
591
625
320
79
943
698
355
478
537
886
750
225
453
425
79
482
547
96
666
615
24
810
961
167
70
50
635
364
540
179
970
546
765
505
145
21
370
769
524
154
278
119
114
873
255
509
213
251
121
439
893
570
418
112
376
550
189
3
670
854
429
13
390
605
621
624
103
973
242
264
455
457
717
125
376
465
941
287
219
867
800
782
691
855
495
994
488
876
160
14
710
910
692
881
722
268
454
501
934
612
856
435
36
364
270
34
155
343
335
944
91
557
352
350
972
219
402
346
755
519
59
325
647
698
131
406
827
190
992
663
190
780
382
25
477
111
556
312
211
581
511
734
862
555
483
64
799
627
694
429
982
108
671
370
756
825
892
235
78
931
83
714
554
495
885
797
229
387
767
671
923
257
628
873
419
235
980
878
189
872
650
958
794
444
483
820
951
104
275
268
882
151
806
754
710
394
870
903
115
197
622
412
352
288
69
380
821
970
144
492
726
612
292
896
764
587
668
518
554
572
200
548
409
879
403
555
229
734
456
445
371
999
411
652
797
379
994
468
504
664
610
586
162
522
65
677
539
238
424
873
231
818
3
529
336
253
802
152
620
872
399
31
419
249
534
977
596
935
370
3
151
235
280
559
228
685
356
675
17
357
625
980
853
561
389
591
676
839
995
841
245
402
687
819
236
146
483
38
228
849
937
738
96
181
64
853
29
234
381
196
29
778
383
631
517
258
53
49
375
466
161
523
332
818
517
280
748
221
607
72
755
540
453
191
637
754
303
609
980
877
896
603
788
946
964
581
712
579
580
8
745
591
590
70
244
963
633
682
313
581
522
914
359
312
591
702
560
213
143
521
77
836
97
35
766
630
816
481
834
380
722
875
231
923
607
319
984
158
897
422
38
31
407
664
1000
932
208
223
580
409
442
696
204
340
211
840
219
974
819
378
404
207
468
686
629
25
71
796
426
777
405
557
542
955
309
596
904
156
686
282
56
620
427
935
337
850
855
92
147
286
95
884
986
848
378
363
11
684
185
48
842
690
744
825
352
817
689
247
541
66
616
781
736
541
214
773
626
165
189
466
574
237
598
201
138
432
129
777
766
535
843
692
71
169
923
215
924
504
773
444
248
178
957
335
231
34
778
11
422
771
428
147
343
981
262
159
293
955
637
80
686
123
332
647
957
391
315
907
892
483
844
913
761
888
988
405
844
954
721
101
463
827
462
204
56
424
359
330
217
180
392
965
880
503
981
836
700
539
804
537
310
481
538
245
21
163
165
230
255
640
823
119
269
772
378
112
239
146
676
515
200
257
87
535
765
191
240
917
911
49
246
206
178
157
178
418
21
141
345
499
536
869
938
556
667
660
824
395
754
574
190
768
338
154
876
847
52
214
613
600
581
399
406
686
886
26
550
358
804
406
572
186
827
90
163
150
385
395
409
690
874
367
859
417
14
691
361
41
478
978
406
239
982
977
208
923
550
127
557
176
559
142
926
503
629
796
446
885
662
53
514
140
14
132
872
107
672
389
621
625
904
37
7
261
179
84
184
823
259
92
813
855
27
627
28
213
701
601
372
275
908
370
645
236
75
317
374
391
626
275
300
832
679
106
36
693
159
173
526
7
619
853
738
273
1
906
201
63
349
982
917
994
951
677
945
431
36
141
484
8
858
121
362
691
294
202
764
224
221
752
641
356
517
848
155
72
103
917
846
287
801
968
677
164
414
163
83
169
634
937
983
874
44
992
87
50
538
586
779
933
701
10
413
171
794
339
600
496
230
892
160
701
485
487
760
479
639
828
111
517
43
783
809
551
494
889
868
837
479
615
968
816
766
2
578
661
472
814
465
921
693
31
387
853
922
673
293
495
715
75
487
492
633
820
601
168
745
118
34
329
149
814
105
541
192
660
673
738
876
219
654
771
714
376
592
836
355
573
450
528
753
242
333
845
953
99
575
506
849
997
214
911
706
903
334
523
205
73
566
370
129
18
968
222
56
24
174
48
515
793
158
472
161
476
417
672
287
286
9
592
304
794
354
672
544
320
297
617
104
328
388
72
955
659
575
780
356
409
508
920
764
596
136
81
122
808
258
996
782
474
632
886
633
491
422
77
121
237
557
254
600
596
512
321
134
859
696
480
431
603
653
998
849
314
789
110
387
202
669
834
29
935
184
569
9
311
240
707
664
16
616
97
29
553
364
606
515
213
50
111
214
149
761
359
440
186
464
23
727
138
558
906
860
396
548
681
504
992
183
270
578
260
168
208
437
258
865
919
883
348
124
381
363
860
458
573
607
541
236
618
759
65
302
231
431
396
713
770
50
482
917
412
674
384
550
902
254
610
46
226
803
233
866
438
914
684
868
508
453
671
639
908
372
130
65
723
376
198
518
451
271
194
793
158
259
489
380
592
410
664
579
822
877
723
432
435
654
485
957
280
556
87
451
231
210
434
31
704
939
13
583
352
694
446
275
85
878
918
217
268
51
387
749
888
351
805
57
507
478
913
624
91
805
425
767
445
434
152
157
712
226
687
753
317
902
958
152
754
266
789
583
63
300
455
544
415
308
626
921
252
750
120
208
914
395
971
507
996
143
304
683
274
304
265
823
720
644
433
118
175
75
263
779
870
583
691
43
109
196
849
294
24
192
499
887
128
423
990
455
685
894
697
767
82
144
320
711
499
1
866
602
773
842
341
499
430
72
245
260
445
798
759
175
763
341
309
21
353
209
984
44
877
452
737
454
841
566
105
327
672
532
5
610
466
498
457
393
555
373
31
619
404
875
677
25
446
552
630
285
399
791
616
615
294
73
868
926
825
24
257
311
761
677
421