1000
999
997
996
995
995
993
993
990
990
989
988
987
986
985
980
979
979
976
974
971
969
967
962
960
960
956
956
955
955
953
951
947
946
944
943
942
940
939
938
937
935
932
931
930
928
927
924
922
921
920
920
918
916
912
912
906
904
904
904
903
900
894
894
893
892
890
889
889
888
887
881
876
870
867
866
859
857
854
854
852
850
848
845
844
842
842
840
840
834
829
827
826
825
825
823
822
816
816
816
806
805
803
800
799
797
795
793
790
789
786
786
782
779
774
768
764
762
761
761
759
757
755
752
752
748
746
746
746
745
743
743
743
742
741
737
736
732
732
732
728
727
725
724
721
719
715
714
714
714
711
710
709
708
708
708
704
703
703
696
694
692
690
689
688
688
687
687
678
674
673
664
663
656
655
655
651
650
650
646
646
644
643
643
643
642
639
639
637
636
636
634
633
632
632
631
631
627
623
620
619
619
618
617
617
611
609
609
604
604
601
599
599
598
596
592
592
590
583
582
581
578
578
573
572
572
571
567
563
561
559
558
557
557
555
554
552
549
548
546
546
545
543
543
543
542
542
542
541
540
537
536
530
529
525
521
520
520
520
513
512
511
505
501
497
497
495
494
492
492
490
489
489
485
483
478
478
477
472
471
470
468
467
463
462
459
457
454
454
449
449
443
440
439
436
433
433
431
421
419
417
414
414
413
412
411
409
408
404
404
401
400
400
398
396
394
393
388
388
386
381
377
373
373
372
372
372
366
364
361
360
358
357
357
357
356
355
353
352
347
346
346
341
340
333
329
329
329
326
323
322
313
312
311
309
305
305
304
298
294
289
288
288
288
287
284
284
281
278
278
277
277
276
272
270
270
267
266
259
256
256
254
253
251
251
248
248
247
246
241
239
237
230
228
227
226
225
223
219
218
218
217
212
205
199
199
199
198
195
191
191
189
184
183
182
177
176
174
173
173
171
166
163
159
158
158
158
157
156
156
154
151
147
145
140
139
138
137
132
130
128
127
126
123
123
119
115
115
112
110
110
95
94
91
90
89
88
86
85
85
81
81
80
78
78
77
76
75
73
71
70
70
68
66
66
64
64
63
62
62
60
59
56
55
54
53
52
48
46
44
43
40
38
36
33
32
29
27
26
21
21
17
15
13
11
11
10
8
8
7
5
1
