1
5
7
8
8
10
11
11
13
15
17
21
21
26
27
29
32
33
36
38
40
43
44
46
48
52
53
54
55
56
59
60
62
62
63
64
64
66
66
68
70
70
71
73
75
76
77
78
78
80
81
81
85
85
86
88
89
90
91
94
95
110
110
112
115
115
119
123
123
126
127
128
130
132
137
138
139
140
145
147
151
154
156
156
157
158
158
158
159
163
166
171
173
173
174
176
177
182
183
184
189
191
191
195
198
199
199
199
205
212
217
218
218
219
223
225
226
227
228
230
237
239
241
246
247
248
248
251
251
253
254
256
256
259
266
267
270
270
272
276
277
277
278
278
281
284
284
287
288
288
288
289
294
298
304
305
305
309
311
312
313
322
323
326
329
329
329
333
340
341
346
346
347
352
353
355
356
357
357
357
358
360
361
364
366
372
372
372
373
373
377
381
386
388
388
393
394
396
398
400
400
401
404
404
408
409
411
412
413
414
414
417
419
421
431
433
433
436
439
440
443
449
449
454
454
457
459
462
463
467
468
470
471
472
477
478
478
483
485
489
489
490
492
492
494
495
497
497
501
505
511
512
513
520
520
520
521
525
529
530
536
537
540
541
542
542
542
543
543
543
545
546
546
548
549
552
554
555
557
557
558
559
561
563
567
571
572
572
573
578
578
581
582
583
590
592
592
596
598
599
599
601
604
604
609
609
611
617
617
618
619
619
620
623
627
631
631
632
632
633
634
636
636
637
639
639
642
643
643
643
644
646
646
650
650
651
655
655
656
663
664
673
674
678
687
687
688
688
689
690
692
694
696
703
703
704
708
708
708
709
710
711
714
714
714
715
719
721
724
725
727
728
732
732
732
736
737
741
742
743
743
743
745
746
746
746
748
752
752
755
757
759
761
761
762
764
768
774
779
782
786
786
789
790
793
795
797
799
800
803
805
806
816
816
816
822
823
825
825
826
827
829
834
840
840
842
842
844
845
848
850
852
854
854
857
859
866
867
870
876
881
887
888
889
889
890
892
893
894
894
900
903
904
904
904
906
912
912
916
918
920
920
921
922
924
927
928
930
931
932
935
937
938
939
940
942
943
944
946
947
951
953
955
955
956
956
960
960
962
967
969
971
974
976
979
979
980
985
986
987
988
989
990
990
993
993
995
995
996
997
999
1000
